Kode Lat Lon PGA-EW PGA-NS PGA-UD DIST(km)
CBJI  -6.6981  106.9348  2.44038  2.45771  2.00649  88
CCJM  -7.0166  107.1400  15.7526  12.99808  9.40617  81
CCJR  -6.9982  107.1427  6.08499  4.14784  1.82999  82
CNJI  -7.3089  107.1297  4.8148  5.38079  1.96476  71
CSJI  -7.3302  106.5211  26.12752  20.60847  12.90599  4
CSJR  -6.9728  106.8246  12.55422  13.50289  3.35539  56
DSJR  -6.8460  106.9243  4.63628  5.20561  1.66263  74
ESJR  -7.2330  106.5190  33.5466  46.81382  14.36824  13
GBJR  -6.6419  106.6806  0.47631  0.55258  0.43683  82
GCJR  -7.2064  107.1430  5.45337  2.88139  1.46969  74
JBJI  -6.4837  106.4698  0.91499  0.62856  0.56227  96
JSJR  -7.2571  106.6251  36.84212  39.30654  25.15127  18
JTJM  -7.0569  106.8000  7.00701  6.92165  4.20589  47
KCJR  -6.9064  107.1111  10.45229  7.00826  5.81202  84
KSJR  -6.8315  106.6621  7.82019  8.81135  4.32575  61
LSJR  -7.1312  106.6922  48.28916  40.68495  15.23253  33
PSJM  -6.9686  106.5491  1.66588  1.43452  0.99938  43
RSJR  -7.3307  106.5198  32.55419  23.17468  13.3116  4
SCJM  -6.8433  107.2227  0.49803  0.53731  0.39384  99
SCJR  -7.0978  107.1317  5.22404  4.13841  0.91536  76
SSJM  -6.8871  106.9625  2.06149  3.58374  1.54376  73
SSJR  -7.2115  106.8840  69.09905  99.02551  20.19446  46
WSJM  -6.9747  106.7247  6.44461  8.16217  4.73146  49
BLJR  -6.9332  106.2457  5.71496  6.53163  4.14064  54
CLJO  -6.5659  106.4038  12.44296  8.39565  3.26161  88
CLJR  -6.7350  106.1592  19.0612  13.72136  4.22782  78
CPJR  -6.7286  105.8721  4.00472  3.40441  2.15883  97
MLJR  -6.7786  106.0195  3.66129  3.18696  2.64509  82
SADLY  -6.5738  106.0741  5.69163  5.18603  1.15325  98
WLJI  -6.8311  105.8910  1.52008  1.85975  1.9925  88
NLB01  -6.6726  106.0549  0.01232  0.0106  0.00582  89
NLB04  -6.9176  106.3022  0.09269  0.05369  0.0195  52
NLB07  -6.4604  106.3649  0.0085  0.00854  0.00604  100
NLB08  -6.6539  106.3672  0.0201  0.03568  0.00845  79
NLB09  -6.6283  106.1558  0.04003  0.0315  0.01335  88
NLB11  -6.7667  105.9235  0.00581  0.00616  0.00206  90
NLB12  -6.8579  106.1060  11.60402  13.66972  3.36245  69
NLB13  -6.9069  106.1924  0.08354  0.03091  0.01967  59
NLB14  -6.8337  106.3282  9.15122  9.09234  5.09192  60
NLB15  -6.9299  106.3693  0.00922  0.01506  0.00547  49
NPG04  -6.8159  105.8646  0.00644  0.00447  0.00493  91
NBG08  -6.5411  106.8236  0.00616  0.00685  0.01367  97
NBG10  -6.5463  106.5460  0.00684  0.00342  0.00239  90
NBG11  -6.5940  106.4783  0.01061  0.01026  0.01024  84
NBG12  -6.6446  106.6936  0.95843  0.65737  0.53972  82
NBG13  -6.5127  106.7554  0.00137  0.00171  0.00275  98
NSK13  -7.3759  106.8153  7.89387  9.03057  6.88135  36
NSK02  -6.9172  106.9731  0.00992  0.01197  0.00479  72
NSK03  -6.8821  106.8654  0.02778  0.02402  0.01955  67
NSK04  -7.3345  106.4424  0.05001  0.0636  0.025  6
NSK06  -7.0631  106.8058  0.02526  0.01679  0.00819  47
NSK07  -7.1085  106.8788  0.04265  0.04525  0.01747  51
NSK09  -7.2507  106.6728  0.14433  0.13767  0.11188  23
NSK10  -7.3429  106.5604  0.05094  0.04222  0.02604  8
NSK12  -7.1003  106.5957  78.24243  64.64798  28.95221  30
NCJ01  -6.8297  107.1339  0.00855  0.00923  0.00376  92
NCJ02  -6.7316  107.0391  0.00822  0.00651  0.00445  92
NCJ04  -6.8031  107.1798  0.01096  0.01023  0.00274  97
NCJ07  -6.9403  107.1329  4.59  4.69998  2.09457  84
NCJ08  -6.7324  107.0972  0.00644  0.00587  0.0027  96
NCJ09  -7.4177  106.8997  6.1009  5.68341  2.991  46
NCJ11  -7.2603  107.0316  0.05417  0.07042  0.02695  61
NCJ12  -7.2125  107.1961  3.58949  5.86141  4.3044  79
NCJ13  -7.4517  107.1346  0.0206  0.02135  0.0171  72
NCJ14  -7.4904  107.3427  2.15553  2.15462  0.95586  95
NCJ15  -7.3424  107.2321  5.43948  3.59422  3.22669  82
NCJ16  -7.3087  107.1276  0.04583  0.06087  0.02154  70
NKBBJ  -6.5539  106.7438  0.89705  0.89655  0.47868  93
NOPBJ  -7.0050  106.5622  0.05438  0.04348  0.01984  39
